(10,9,14)
Printing PixelMap : 
	height = 12
	width = 12
(255,255,255)(505,505,505)(760,760,760)(1012,1012,1012)(1266,1266,1266)(1521,1521,1521)(1775,1775,1775)(2029,2029,2029)(2284,2284,2284)(2539,2539,2539)(2793,2793,2793)(3047,3047,3047)
(315,315,315)(573,573,573)(828,828,828)(1080,1080,1080)(1339,1339,1339)(1595,1595,1595)(1849,1849,1849)(2103,2103,2103)(2362,2362,2362)(2617,2617,2617)(2873,2873,2873)(3129,3129,3129)
(389,389,389)(647,647,647)(902,902,902)(1156,1156,1156)(1415,1415,1415)(1671,1671,1671)(1926,1926,1926)(2183,2183,2183)(2442,2442,2442)(2699,2699,2699)(2955,2955,2955)(3211,3211,3211)
(455,455,455)(713,713,713)(1040,1040,1040)(1430,1430,1430)(1829,1829,1829)(2220,2220,2220)(2612,2612,2612)(3005,3005,3005)(3402,3402,3402)(3762,3762,3762)(4020,4020,4020)(4278,4278,4278)
(529,529,529)(788,788,788)(1247,1247,1247)(1887,1887,1887)(2541,2541,2541)(3187,3187,3187)(3832,3832,3832)(4480,4480,4480)(5132,5132,5132)(5677,5677,5677)(5935,5935,5935)(6193,6193,6193)
(592,592,592)(852,852,852)(1446,1446,1446)(2341,2341,2341)(3248,3248,3248)(4147,4147,4147)(5044,5044,5044)(5947,5947,5947)(6852,6852,6852)(7586,7586,7586)(7845,7845,7845)(8104,8104,8104)
(661,661,661)(921,921,921)(1604,1604,1604)(2747,2747,2747)(3909,3909,3909)(5063,5063,5063)(6214,6214,6214)(7370,7370,7370)(8530,8530,8530)(9410,9410,9410)(9676,9676,9676)(9942,9942,9942)
(800,800,800)(1060,1060,1060)(1743,1743,1743)(3074,3074,3074)(4486,4486,4486)(5895,5895,5895)(7298,7298,7298)(8709,8709,8709)(10106,10106,10106)(11042,11042,11042)(11308,11308,11308)(11574,11574,11574)
(1019,1019,1019)(1279,1279,1279)(1964,1964,1964)(3296,3296,3296)(4776,4776,4776)(6321,6321,6321)(7861,7861,7861)(9374,9374,9374)(10787,10787,10787)(11723,11723,11723)(11989,11989,11989)(12255,12255,12255)
(1274,1274,1274)(1682,1682,1682)(2367,2367,2367)(3704,3704,3704)(5184,5184,5184)(6730,6730,6730)(8270,8270,8270)(9785,9785,9785)(11199,11199,11199)(12135,12135,12135)(12519,12519,12519)(12903,12903,12903)
(1526,1526,1526)(2189,2189,2189)(3095,3095,3095)(4530,4530,4530)(6049,6049,6049)(7595,7595,7595)(9135,9135,9135)(10682,10682,10682)(12198,12198,12198)(13320,13320,13320)(13959,13959,13959)(14598,14598,14598)
(1780,1780,1780)(2698,2698,2698)(3859,3859,3859)(5549,5549,5549)(7319,7319,7319)(9120,9120,9120)(10915,10915,10915)(12717,12717,12717)(14488,14488,14488)(15865,15865,15865)(16755,16755,16755)(17645,17645,17645)
