92
112
239 239 237 236 234 233 232 232 228 173 133 191 226 201 111 69 77 73 125 158 126 133 196 235 238 239 229 240 242 232 234 224 196 130 171 237 238 234 237 235 239 239 239 240 240 241 241 241 240 240 240 240 238 237 235 234 233 233 232 232 231 230 229 229 227 227 227 227 227 227 227 227 228 229 230 231 232 233 233 233 229 229 230 231 231 232 233 233 234 234 234 235 236 236 237 237 235 235 234 233 233 234 235 235 233 234 236 237 238 239 239 239
236 237 238 240 240 240 239 238 233 192 140 139 198 204 147 92 95 94 143 168 124 119 184 235 227 239 231 230 223 218 235 237 164 126 180 238 235 239 245 239 239 239 239 240 240 240 241 241 240 240 240 239 238 236 235 234 233 233 232 231 230 230 229 229 229 228 228 227 227 226 226 225 228 229 230 231 232 232 232 232 229 229 230 231 232 232 233 233 234 234 234 234 234 235 235 235 233 233 232 231 231 232 233 233 233 234 236 237 239 239 239 239
240 241 241 240 238 235 232 230 227 196 141 107 179 191 155 104 75 107 148 137 109 151 213 223 221 237 226 209 188 183 203 206 125 118 189 239 232 239 246 238 239 239 239 239 240 240 240 241 239 239 239 239 237 236 234 233 232 232 231 231 230 229 228 228 230 230 229 228 226 225 224 224 228 229 230 231 232 232 232 232 229 230 230 231 232 233 233 233 234 234 233 233 233 233 233 232 231 231 230 229 229 230 231 231 233 234 236 238 239 240 240 240
243 242 241 238 236 233 231 230 219 188 138 121 169 155 113 93 100 127 142 115 112 176 215 187 208 211 187 169 154 146 154 145 100 109 188 239 232 233 236 233 238 238 239 239 239 240 240 240 239 239 239 238 237 235 233 232 231 231 231 230 229 228 228 227 229 228 228 227 227 226 226 225 228 229 230 231 231 231 231 231 230 230 231 231 232 233 234 234 234 233 233 232 232 231 231 230 231 230 230 229 229 230 230 231 234 235 236 238 239 240 240 240
240 239 239 238 238 239 239 239 226 196 141 137 137 115 74 83 106 96 97 103 117 153 177 167 216 189 151 152 162 155 148 128 94 104 183 240 239 232 229 234 238 238 238 239 239 239 240 240 238 238 238 237 236 234 233 232 231 230 230 229 228 227 227 227 225 226 226 227 227 228 228 229 228 229 230 230 231 231 230 230 230 230 231 232 233 233 234 234 233 233 233 232 231 231 230 230 232 232 231 231 231 231 232 232 234 235 237 238 240 240 241 241
240 239 238 235 231 225 220 218 221 198 147 133 101 95 74 85 93 97 103 108 126 162 184 178 215 163 120 149 176 157 136 114 97 110 184 237 242 237 232 239 237 238 238 238 239 239 239 239 237 237 237 236 235 233 232 231 230 230 229 228 227 227 226 226 224 224 225 226 228 229 230 230 228 229 230 230 230 230 229 229 231 231 231 232 233 234 234 235 233 232 232 232 232 232 231 231 234 233 232 232 232 232 233 234 235 236 237 239 240 241 241 241
240 240 238 232 220 204 189 179 168 149 141 138 111 97 91 84 64 91 98 83 99 145 159 136 175 119 94 153 179 131 94 79 103 127 194 230 234 239 234 237 237 237 238 238 238 239 239 239 237 237 236 236 234 233 231 230 229 229 228 228 227 226 225 225 225 226 226 227 227 228 228 229 228 229 230 230 230 229 229 228 231 231 232 232 233 234 235 235 232 232 232 232 233 233 233 233 234 233 232 232 232 232 233 234 235 236 237 239 240 241 241 241
234 237 238 233 219 199 178 164 103 83 128 156 148 104 98 77 72 81 90 105 137 172 182 173 149 104 106 189 210 139 91 82 107 143 204 222 222 236 232 228 237 237 237 238 238 239 239 239 236 236 236 235 234 232 231 230 229 229 228 227 226 226 225 225 227 227 227 227 227 227 227 227 229 229 230 230 230 229 228 228 231 231 232 233 233 234 235 235 231 232 232 233 233 234 234 235 233 232 232 231 231 232 232 233 235 236 238 239 240 241 241 241
244 239 241 233 222 231 221 182 116 72 136 177 148 103 59 76 81 130 129 129 193 228 184 136 82 101 153 214 206 120 69 89 96 145 174 186 216 238 235 230 233 234 226 237 222 219 247 227 234 234 234 233 232 231 231 231 228 228 227 226 226 225 224 224 227 229 231 231 229 227 226 226 228 228 227 227 227 227 226 226 228 229 230 230 231 232 233 233 231 232 233 232 230 231 233 235 232 236 231 229 235 234 232 242 234 225 246 242 226 238 242 242
239 230 237 244 228 206 195 191 157 156 160 117 104 103 66 78 112 123 125 132 160 175 133 74 69 103 156 170 130 93 80 69 84 123 182 226 237 234 235 237 230 237 242 226 190 203 241 231 234 232 231 231 232 232 230 227 227 227 226 226 226 225 225 225 227 229 230 229 227 226 226 227 227 227 227 227 227 227 227 227 229 229 230 231 232 232 233 233 231 232 233 232 231 231 233 235 237 238 232 229 232 230 228 233 229 200 225 251 248 240 236 236
226 232 239 226 169 111 128 192 177 148 142 113 95 88 58 64 73 121 175 162 107 100 115 98 63 84 124 110 60 66 83 54 67 83 134 188 211 223 234 235 227 187 205 214 179 179 210 229 234 231 229 230 231 230 226 222 225 225 225 225 226 226 226 226 228 228 229 227 226 225 227 228 227 227 227 227 227 228 228 228 230 230 230 231 232 232 233 233 231 232 233 232 231 231 234 236 235 238 240 240 238 229 216 208 204 197 216 217 215 231 236 236
239 233 211 186 148 96 90 133 153 100 148 168 99 70 73 67 54 76 102 100 100 144 174 154 69 61 72 69 49 59 72 54 61 68 80 124 196 236 228 210 178 140 191 214 177 174 198 233 228 230 231 230 228 224 221 220 223 223 224 225 226 227 227 228 227 228 227 226 224 224 227 229 226 226 227 227 228 229 229 229 230 231 231 232 232 233 233 233 231 232 233 232 232 232 234 237 237 236 240 243 240 237 228 214 191 186 188 178 196 236 239 239
191 220 219 188 158 120 90 90 94 98 167 164 77 64 90 76 79 71 75 114 174 196 157 106 70 66 59 60 67 63 56 59 49 64 61 110 206 219 163 142 93 135 218 199 133 141 171 194 216 223 230 230 225 220 221 224 222 222 223 224 225 226 227 228 226 226 226 225 223 224 226 229 226 226 227 228 229 230 230 231 231 232 232 232 232 233 233 233 230 232 233 233 232 233 235 238 245 234 234 235 233 244 249 234 194 154 139 158 206 239 232 232
116 183 213 174 123 95 84 80 74 105 134 134 120 108 93 81 80 98 135 176 178 124 71 56 60 84 84 73 75 65 53 61 58 69 74 126 186 147 85 94 107 165 226 189 110 90 116 144 207 216 225 228 224 221 222 225 222 222 223 224 225 226 227 227 224 225 225 225 223 224 226 228 225 225 226 228 229 231 232 232 232 232 232 233 233 233 233 233 230 232 233 233 233 234 236 238 240 230 238 241 233 237 230 199 169 148 126 116 157 207 221 221
117 143 158 135 103 98 99 87 105 99 102 147 185 157 106 81 76 68 87 101 80 67 70 64 52 70 90 88 71 61 62 63 76 76 98 132 129 84 67 92 168 209 222 189 120 77 117 172 213 216 221 225 225 222 216 213 223 223 223 224 224 225 225 226 221 223 225 225 224 224 225 226 224 225 226 228 230 231 233 233 233 233 233 233 233 233 233 233 230 232 233 233 233 234 237 239 236 228 243 250 234 231 212 167 134 143 125 92 129 199 222 222
124 137 163 155 116 110 136 149 111 83 100 152 162 143 110 55 74 48 56 51 35 82 106 48 51 36 70 96 69 57 72 68 55 54 94 110 65 46 69 78 146 222 217 160 94 76 154 224 225 222 220 223 226 221 208 197 223 223 223 224 224 224 225 225 220 222 225 226 225 224 224 225 224 225 226 228 230 232 233 234 233 233 233 233 233 233 233 233 230 232 233 233 233 234 237 240 247 231 238 240 227 236 231 191 127 111 99 117 189 241 231 231
100 101 164 192 130 99 123 129 115 156 127 137 134 86 84 68 53 66 73 58 68 59 77 52 54 43 47 66 66 50 48 63 48 44 50 60 55 52 82 124 200 182 155 137 91 148 217 213 223 218 227 227 225 206 183 199 218 225 198 166 214 222 218 217 196 204 214 221 221 219 223 229 226 228 230 230 230 231 233 234 232 233 234 235 235 235 235 234 234 239 239 234 233 237 238 235 237 235 241 241 231 230 231 224 169 155 106 147 226 232 228 228
113 107 153 173 107 56 71 93 118 152 115 133 148 82 66 83 97 65 56 51 59 69 94 47 52 35 35 55 66 56 44 44 53 59 73 85 84 81 95 117 158 197 167 135 107 139 180 206 225 222 221 213 217 209 192 211 197 167 144 130 168 178 179 160 143 185 219 223 222 228 226 215 225 227 229 230 229 230 232 234 232 233 234 235 235 235 235 234 224 230 233 231 231 236 239 238 241 233 242 238 247 239 228 195 153 169 132 129 174 208 232 232
119 107 113 113 83 60 65 73 89 140 104 105 143 107 72 72 66 39 51 59 50 69 109 65 46 50 62 73 69 55 50 55 55 67 78 77 71 67 67 68 150 207 191 154 103 96 107 126 182 209 232 222 214 193 166 182 148 100 85 77 93 100 114 91 104 149 198 218 217 216 221 227 224 226 228 229 228 229 231 233 232 233 234 235 235 235 235 234 233 239 242 239 237 239 241 241 235 236 246 225 227 230 237 213 162 193 171 133 139 189 231 231
128 137 118 82 72 85 88 80 78 104 88 94 132 126 94 81 78 67 57 47 37 63 101 71 47 65 85 88 73 56 55 62 70 81 80 62 48 49 52 50 88 111 129 136 72 62 76 65 150 190 230 227 213 180 133 130 124 105 94 65 64 64 86 83 133 174 214 223 215 213 222 231 224 225 227 228 228 228 230 232 232 233 234 235 235 235 235 234 228 232 235 234 232 232 233 235 229 230 212 185 171 207 229 224 158 165 156 126 108 138 177 177
146 183 176 124 90 81 77 75 97 71 104 153 156 131 113 117 94 94 53 49 83 108 88 42 55 60 69 75 71 58 47 43 66 75 73 54 40 45 60 69 75 67 68 101 73 65 72 68 121 143 180 180 166 144 104 89 113 134 115 60 66 62 75 88 97 150 200 214 214 220 224 221 224 225 227 228 228 228 230 232 232 233 234 235 235 235 235 234 226 229 233 238 239 237 236 236 243 237 191 175 151 203 198 181 137 111 118 119 87 83 120 120
161 183 193 178 145 102 74 72 87 79 168 221 198 175 139 116 103 108 56 64 106 115 71 37 53 57 67 73 62 45 41 48 55 60 64 60 50 48 63 82 152 141 76 82 90 67 43 69 73 98 160 161 111 91 90 95 94 128 106 48 67 63 61 66 45 68 136 208 219 184 181 210 224 226 228 229 228 229 231 233 232 233 234 235 235 235 235 234 237 236 239 244 241 226 210 200 215 228 203 186 137 157 137 119 114 81 103 116 83 68 109 109
186 183 192 205 195 160 128 114 87 99 182 205 209 228 171 116 164 149 99 101 83 65 54 67 48 53 67 73 54 32 39 63 63 56 65 81 77 63 72 97 154 148 72 61 74 65 46 72 61 81 164 169 87 67 97 114 87 108 107 70 77 69 67 58 68 61 112 188 188 134 139 198 225 227 229 230 229 230 232 234 232 233 234 235 235 235 235 234 237 232 233 235 223 190 151 127 154 180 192 150 100 85 96 95 92 78 100 98 82 90 117 117
219 220 226 224 208 197 188 174 132 99 127 141 192 240 186 156 166 150 146 186 130 76 62 78 51 37 39 54 51 34 34 51 55 39 48 79 85 67 74 103 116 105 65 66 54 76 91 88 78 57 120 130 58 52 87 88 75 83 109 92 75 59 70 54 55 75 102 117 115 123 160 199 226 228 230 230 230 231 233 234 232 233 234 235 235 235 235 234 243 238 239 243 228 185 133 100 149 154 173 112 95 75 123 128 95 99 114 93 98 134 136 136
193 202 218 225 204 172 166 185 145 98 142 191 213 233 210 187 180 145 186 217 142 71 60 55 53 40 40 55 58 45 35 36 40 41 61 62 56 55 56 78 102 67 50 57 61 66 75 78 60 62 57 50 50 61 69 71 75 88 102 93 70 64 65 56 73 71 62 52 82 157 214 221 222 230 236 235 234 235 235 231 225 233 235 228 225 230 237 240 230 236 225 230 226 199 183 168 202 195 165 120 93 94 104 107 97 66 100 64 78 98 140 140
198 209 186 147 127 125 161 217 185 174 170 194 219 228 225 209 198 194 187 179 148 92 53 51 53 45 49 63 65 52 46 51 50 46 58 54 55 56 38 36 40 52 66 56 32 34 57 70 64 61 55 49 53 64 71 70 73 60 59 58 49 50 61 66 52 78 80 57 86 177 231 217 230 229 227 226 226 227 229 232 239 233 229 230 233 232 228 225 242 245 247 248 216 185 188 176 179 164 156 151 128 105 120 154 187 130 84 63 111 120 92 92
212 232 201 141 108 101 129 177 167 194 169 185 217 219 227 212 177 139 161 201 166 102 66 49 48 45 53 66 66 53 48 53 40 49 68 56 44 44 35 42 30 55 75 65 51 65 80 73 62 58 51 48 53 62 65 63 76 48 43 56 56 50 53 57 37 56 75 85 112 171 214 217 228 222 224 233 236 231 229 232 226 220 218 224 229 229 231 233 232 222 223 233 200 165 158 131 182 176 189 205 187 160 176 219 222 211 181 154 137 126 80 80
218 219 204 155 103 94 122 144 154 161 140 150 181 206 229 225 198 133 148 190 147 88 71 61 48 46 54 67 69 55 44 42 32 41 65 59 46 48 56 83 50 56 61 56 57 76 78 56 58 57 56 54 54 57 58 58 74 49 46 60 62 55 51 45 34 38 57 80 106 155 208 236 214 221 231 229 204 183 195 222 234 226 202 172 162 183 219 244 215 234 235 222 170 115 119 136 205 219 233 233 222 218 227 240 232 228 240 217 179 195 148 148
157 142 169 163 101 101 150 159 163 132 151 165 176 211 220 211 172 162 139 140 153 121 79 75 53 49 55 70 77 66 49 39 43 32 49 58 62 64 67 92 66 61 61 53 38 39 49 51 52 58 64 63 55 50 52 57 63 47 43 47 46 50 53 46 39 48 50 41 63 139 211 236 220 231 239 221 181 159 186 230 228 233 212 171 151 165 181 182 175 169 133 156 205 199 193 213 221 235 237 225 222 232 232 221 228 213 233 215 220 242 189 189
129 108 145 156 107 123 186 196 187 143 171 169 155 188 194 189 125 101 88 113 144 132 97 78 54 48 50 64 75 70 54 42 43 43 64 67 58 51 51 77 78 60 56 54 37 31 46 61 41 49 58 57 46 37 42 52 58 52 57 59 52 51 49 39 51 45 44 43 51 91 145 174 195 187 186 199 212 219 226 234 219 230 227 211 207 209 189 160 149 148 123 163 226 221 214 237 233 230 227 227 229 229 225 222 220 222 234 225 242 209 141 141
171 135 114 103 103 150 205 218 219 199 174 124 89 111 148 163 131 70 55 76 76 77 83 73 55 48 46 54 62 60 51 43 43 64 90 69 42 39 45 66 69 46 38 43 39 38 44 47 36 40 45 45 37 32 40 52 63 53 62 75 66 52 45 41 54 32 39 60 53 45 69 100 133 117 114 145 197 231 232 219 238 231 222 219 224 225 216 203 148 113 103 172 235 244 238 220 222 220 225 234 234 228 228 235 237 215 206 223 210 160 89 89
156 130 82 74 132 186 190 176 202 242 199 134 83 61 84 87 78 98 74 49 64 67 55 62 61 55 49 50 52 51 48 46 58 77 88 52 37 57 58 57 65 53 51 51 39 35 38 36 42 40 40 42 39 38 48 61 66 38 38 57 54 42 50 64 42 38 42 41 32 41 61 71 114 114 111 114 134 171 207 227 222 219 229 244 236 205 182 178 136 92 104 160 164 174 213 205 188 206 222 225 221 221 226 230 224 185 184 208 116 95 79 79
153 179 141 131 160 169 176 167 201 225 207 134 71 56 60 57 75 54 55 72 74 69 66 62 60 58 59 55 49 62 80 81 86 82 63 47 46 43 42 51 50 51 52 33 25 38 42 50 60 52 45 42 40 38 40 45 67 36 38 44 52 60 48 45 51 37 43 46 31 35 51 51 120 130 193 177 77 90 186 215 226 233 234 229 230 224 175 110 115 91 83 105 83 131 176 153 171 166 215 228 229 212 222 240 233 186 166 161 100 62 84 84
196 194 169 175 172 148 173 208 206 216 191 126 72 59 61 58 72 54 49 57 61 63 65 63 45 64 66 46 53 97 111 83 80 83 77 67 59 46 35 35 59 59 48 39 31 33 55 76 60 52 44 40 36 34 37 43 52 53 69 55 39 46 43 42 43 33 42 49 39 44 58 58 132 150 164 122 68 102 180 214 227 211 227 236 224 234 205 123 79 87 85 142 166 170 166 175 170 168 215 222 233 237 233 210 220 206 209 195 117 69 87 87
173 166 181 220 207 171 192 226 195 175 134 88 65 66 68 62 64 55 47 48 52 56 55 51 47 67 69 47 54 97 102 63 57 59 57 50 43 36 35 36 36 58 54 72 67 39 54 64 44 41 42 44 45 44 49 56 52 70 90 57 29 44 49 47 36 29 37 45 40 43 52 52 87 101 92 68 53 68 140 229 219 197 159 157 205 233 197 147 90 89 120 198 200 210 225 221 171 167 217 217 215 224 236 217 219 217 222 206 136 99 118 118
114 116 163 219 225 219 225 215 188 141 83 51 54 65 63 53 50 54 50 49 59 63 55 49 57 58 64 64 58 63 62 47 37 35 39 40 35 36 40 39 50 93 86 112 110 63 58 42 30 35 45 54 57 56 60 67 61 67 76 44 26 50 59 58 43 36 36 39 37 36 38 39 43 53 49 50 61 75 131 212 223 188 133 112 142 163 138 103 71 70 102 171 172 198 202 156 132 127 201 233 233 222 226 214 217 218 220 206 145 106 120 120
95 94 148 199 213 234 239 215 201 157 102 69 57 52 45 38 40 50 46 45 61 64 56 56 49 45 62 76 62 44 46 52 43 44 60 69 58 53 49 36 77 115 79 79 86 58 53 27 36 41 50 56 54 51 56 65 57 49 58 42 29 44 54 64 56 49 40 38 40 36 33 36 37 46 43 34 58 110 136 125 156 114 142 140 72 86 115 59 65 92 87 142 191 194 137 97 122 97 142 169 197 211 225 218 215 216 217 209 154 103 99 99
87 88 157 212 219 227 230 230 207 187 153 113 75 50 43 45 46 52 37 31 47 45 36 48 40 46 63 67 51 42 45 46 57 55 74 79 58 56 65 56 64 89 44 28 53 53 46 28 40 45 52 54 49 45 52 63 46 41 62 57 37 37 46 69 53 49 36 34 43 40 34 40 45 40 43 43 50 87 103 76 58 44 89 100 49 58 88 56 54 63 53 94 108 110 97 93 119 102 103 74 100 146 189 202 218 198 171 170 162 143 130 130
66 87 175 231 234 229 222 234 201 190 161 120 80 58 53 56 47 51 35 32 49 40 30 50 55 51 54 53 44 43 44 35 57 57 79 76 42 45 75 81 64 80 51 41 76 78 52 47 43 54 68 73 63 50 48 53 40 37 60 56 37 36 44 64 44 44 32 34 52 49 40 48 59 48 53 65 62 57 67 78 37 46 37 33 46 45 36 43 56 58 55 69 36 57 94 96 75 91 104 69 86 102 119 137 171 158 118 106 124 149 150 150
61 96 182 223 229 235 221 227 201 177 136 95 70 61 56 50 36 45 37 48 74 63 51 76 76 50 41 50 51 49 47 42 52 63 97 94 48 42 72 80 87 91 71 60 92 84 41 47 53 71 94 101 84 55 37 31 38 29 42 36 27 38 43 52 42 46 36 41 64 61 50 58 58 65 52 46 59 58 44 42 36 38 35 35 41 43 42 45 47 99 73 61 68 83 60 42 68 75 88 81 117 106 91 111 90 126 110 72 62 88 107 107
89 95 201 237 214 236 231 210 232 185 137 124 80 58 92 84 37 58 30 58 146 123 47 52 56 40 40 57 60 46 44 57 49 71 103 98 59 41 46 45 62 59 74 71 60 51 42 57 85 106 113 102 63 36 41 28 39 38 32 26 30 44 56 60 60 29 37 64 59 44 39 34 41 42 40 36 41 50 52 48 33 43 31 23 36 38 33 42 55 73 81 53 68 86 48 39 66 68 68 65 69 80 93 99 77 83 94 84 70 87 92 92
69 119 197 219 213 227 229 232 181 170 167 154 101 73 88 81 51 50 41 88 144 93 26 42 49 81 106 95 62 44 47 52 61 101 100 60 41 41 44 50 61 70 81 60 52 62 51 45 57 52 58 90 85 55 52 48 49 52 40 23 34 62 68 52 72 54 57 74 68 46 30 23 43 45 43 40 41 44 41 34 35 34 31 34 38 33 33 46 54 59 55 46 65 72 44 37 37 51 64 68 69 71 67 60 75 76 78 67 58 77 85 85
51 152 188 183 204 224 218 195 140 146 171 149 100 84 78 70 70 61 43 45 59 53 48 63 69 128 159 111 43 31 52 60 75 116 92 43 43 44 41 63 38 67 79 42 38 77 79 66 51 33 25 59 68 44 45 49 40 51 39 20 42 88 95 67 76 66 52 49 49 37 29 34 31 35 38 39 41 42 37 31 34 23 31 46 42 33 39 49 45 52 44 56 68 54 45 43 41 52 54 47 47 61 72 73 77 76 76 70 71 91 96 96
76 149 151 174 217 226 217 171 150 141 154 119 91 100 84 75 41 44 51 42 27 40 60 60 50 123 185 156 75 39 41 37 59 75 62 46 47 32 25 49 47 78 85 35 24 64 71 59 56 63 53 60 56 35 33 30 28 42 37 23 43 87 100 83 67 66 43 27 33 29 24 37 23 27 32 35 37 36 32 28 30 19 35 53 46 44 50 44 31 50 47 65 61 36 45 41 26 47 60 55 51 56 61 59 58 61 64 67 77 91 88 88
107 106 96 166 206 202 225 198 139 122 122 90 78 94 78 74 39 33 57 72 45 31 48 61 52 115 195 192 103 42 37 40 49 49 59 64 52 41 37 35 45 58 62 32 35 67 59 42 54 78 80 90 86 51 32 23 32 41 40 30 33 52 68 71 62 69 52 38 41 31 15 19 29 29 31 32 30 25 22 21 29 28 44 52 48 57 57 34 32 44 37 51 45 29 40 25 21 40 55 52 42 38 38 37 52 58 59 61 70 74 66 66
77 75 69 105 115 139 197 170 97 94 100 91 84 79 65 66 62 64 65 50 29 29 46 56 84 129 197 189 93 33 40 49 48 55 69 64 46 54 54 27 30 24 30 33 61 88 61 33 64 68 56 78 89 49 25 27 32 35 37 34 27 28 44 61 66 61 46 36 36 31 23 25 26 26 28 31 29 25 25 28 33 42 51 48 48 61 60 39 57 43 32 45 48 45 42 18 34 37 43 47 45 40 40 43 56 64 59 54 58 52 44 44
39 67 73 69 53 77 122 98 77 82 86 109 110 78 64 63 50 82 69 32 32 46 40 32 65 107 167 153 78 50 53 30 40 55 55 42 39 42 36 25 42 35 41 44 65 82 55 32 71 72 39 41 57 33 21 28 25 26 30 34 37 41 54 68 64 41 26 24 23 27 35 37 22 23 28 35 35 31 32 37 32 47 49 44 50 58 63 68 78 46 59 79 78 67 46 34 46 36 43 66 76 60 39 31 33 49 50 46 48 35 28 28
48 61 80 103 83 48 57 74 62 60 50 94 107 63 47 39 62 75 45 25 46 44 34 56 44 71 100 72 35 69 93 49 52 66 51 47 63 43 25 50 33 41 57 50 57 78 73 70 59 89 58 34 43 38 31 26 26 26 28 35 49 63 72 74 56 27 23 33 27 28 33 26 29 30 35 41 39 31 29 33 28 44 43 42 52 54 67 99 77 47 92 122 105 76 45 52 94 53 29 43 58 47 32 29 18 45 58 63 66 50 41 41
28 56 99 90 75 57 71 67 59 56 67 86 83 60 45 46 40 38 33 31 35 42 46 47 42 54 61 131 99 53 53 40 39 71 66 60 76 55 28 45 50 43 48 57 58 64 65 54 53 46 38 46 55 42 27 32 36 29 35 45 44 51 69 80 54 53 34 19 30 37 27 16 26 32 34 31 33 37 32 20 44 38 33 29 42 77 97 87 90 69 95 124 81 79 61 94 81 48 44 49 39 49 57 35 23 74 88 56 37 45 53 53
39 86 158 161 126 75 87 105 78 80 75 63 55 53 46 36 36 33 31 43 72 89 67 31 31 35 47 76 63 34 54 45 52 71 67 62 68 49 27 33 47 47 44 37 42 64 74 64 56 49 38 42 56 53 41 41 26 33 31 21 25 45 57 55 54 56 42 26 26 26 24 27 30 30 33 38 38 33 29 28 28 39 46 38 41 72 92 82 91 67 83 64 63 58 70 64 58 47 58 56 27 25 39 31 37 58 64 52 41 33 38 38
69 105 170 191 183 124 90 67 125 155 153 111 81 80 72 50 54 42 25 31 70 103 85 44 29 37 58 36 33 34 82 93 37 40 42 47 54 57 57 58 61 51 41 37 40 47 51 50 56 53 38 34 50 56 47 41 36 40 28 18 28 42 45 47 51 49 39 36 39 31 23 29 37 30 32 39 37 29 33 46 41 52 59 47 41 58 67 50 70 58 89 112 117 57 49 30 26 31 53 52 22 16 31 29 29 38 36 30 29 25 26 26
55 58 85 122 188 196 179 146 163 204 204 141 86 74 70 54 64 50 30 25 46 71 73 60 54 40 48 52 109 150 137 94 62 45 41 41 38 50 63 57 71 44 37 61 70 45 30 43 61 67 54 41 49 57 49 42 51 38 24 33 50 44 41 57 45 34 27 43 61 49 26 21 43 41 40 39 35 35 47 60 39 36 41 46 50 64 72 65 72 76 81 130 106 47 37 42 17 20 35 38 24 24 28 19 31 48 42 24 25 33 33 33
39 47 84 133 201 200 195 193 194 204 175 107 54 45 52 52 49 41 42 52 56 47 42 43 53 41 26 47 103 164 131 91 73 50 48 49 40 51 63 50 63 45 41 70 91 65 40 49 45 61 56 38 37 40 35 31 43 31 24 36 52 52 48 52 39 29 24 43 62 48 26 24 44 58 61 48 41 49 56 55 49 34 40 53 51 55 75 93 66 85 69 68 55 33 41 31 25 27 31 29 24 25 23 12 27 42 38 23 20 21 23 23
49 68 124 179 211 146 112 125 187 165 122 77 53 49 49 46 43 34 43 66 68 44 29 31 38 55 39 54 55 76 63 67 36 26 37 50 49 58 65 51 64 73 58 50 67 65 41 34 36 56 56 40 35 34 31 32 25 29 33 29 36 64 67 36 36 34 31 36 41 29 24 38 38 62 70 56 49 56 54 41 62 51 57 61 42 37 69 105 73 65 68 36 73 32 43 19 23 33 35 27 23 26 29 28 17 14 16 26 25 10 22 22
45 53 77 106 148 110 87 98 116 98 74 60 59 59 49 36 46 37 38 50 51 39 34 39 54 64 50 91 110 71 36 12 28 26 36 45 45 46 45 34 59 84 62 30 41 52 43 41 53 68 66 55 52 48 44 50 23 25 38 30 24 65 78 28 32 34 29 27 28 23 25 41 30 45 51 44 41 47 48 41 45 41 47 46 37 50 85 109 90 62 71 30 78 40 45 43 25 36 33 24 29 37 38 39 29 22 22 35 36 24 43 43
51 68 60 41 83 79 58 42 58 58 54 51 55 60 58 51 38 40 41 37 31 29 35 44 64 60 39 75 112 52 52 42 29 30 34 39 43 45 45 43 34 61 48 27 44 57 65 90 48 55 50 42 40 34 30 36 32 13 31 36 20 52 73 29 28 27 19 20 32 33 28 32 24 24 23 23 25 32 44 52 53 45 38 30 33 61 80 75 45 68 87 39 55 62 37 26 43 45 31 22 36 46 37 28 36 38 29 20 17 18 37 37
58 67 55 64 71 55 51 46 47 49 91 88 51 50 55 50 47 45 28 40 51 40 43 47 51 42 27 23 42 66 70 60 21 32 36 28 24 31 42 48 66 64 58 49 47 58 77 91 48 25 53 62 41 40 40 37 21 38 26 40 45 29 37 35 18 28 30 28 29 24 22 30 26 27 27 26 25 28 35 41 41 42 39 34 31 40 58 73 41 47 39 24 28 44 41 22 28 30 32 32 32 33 34 35 32 68 35 23 39 31 48 48
74 79 69 81 81 64 81 104 60 63 93 73 34 39 43 33 63 62 44 50 55 40 44 49 66 58 42 31 35 44 36 20 33 29 29 30 28 27 38 53 62 62 58 53 54 55 49 39 38 27 56 65 48 42 33 34 30 20 28 92 99 31 12 31 28 28 27 27 33 38 38 35 29 29 27 24 22 23 28 33 28 26 26 28 37 50 63 72 28 34 32 25 29 38 32 17 37 31 25 26 32 40 43 43 71 86 47 34 49 47 50 50
70 65 58 87 101 78 79 92 73 63 81 68 41 48 54 54 52 58 44 50 54 42 53 63 39 40 36 33 39 45 38 25 38 29 32 43 41 30 34 51 69 63 51 46 57 69 57 34 39 36 56 59 53 46 33 41 49 35 20 45 54 27 23 35 30 24 24 27 32 45 44 27 34 33 30 27 25 26 29 32 28 23 21 27 38 47 50 49 26 28 29 28 30 33 30 24 34 29 23 21 25 34 44 51 61 73 54 37 32 35 42 42
54 57 51 77 89 64 55 54 64 35 43 49 44 48 50 61 32 43 33 40 46 40 57 70 39 42 42 39 39 39 32 22 31 34 46 58 52 36 33 41 70 64 49 44 61 81 72 48 48 41 44 40 46 46 33 47 27 38 25 15 28 38 30 14 26 22 27 30 29 39 39 21 32 30 28 27 26 27 30 32 29 25 24 28 35 37 32 27 30 27 26 28 28 27 28 32 20 25 27 23 18 22 37 51 56 63 67 59 52 66 73 73
51 73 66 61 50 36 52 66 62 38 37 36 46 61 50 43 35 46 34 38 44 39 53 63 49 49 46 39 34 31 26 20 24 42 57 57 47 37 34 33 58 59 53 50 59 67 53 31 49 37 33 28 41 47 32 39 28 22 23 33 47 39 22 26 23 24 28 28 25 29 34 32 27 25 22 21 21 22 23 23 18 20 24 28 30 30 28 26 26 23 24 30 29 23 22 25 22 24 27 28 29 31 35 38 63 48 55 63 75 101 90 90
50 71 59 49 45 41 55 60 57 57 52 32 51 83 62 31 46 55 40 44 52 49 58 62 44 41 36 32 30 32 35 36 31 46 54 45 34 32 33 32 51 52 49 45 46 46 41 33 47 33 40 41 50 57 38 31 36 22 21 23 33 32 23 44 23 25 19 20 29 25 26 44 31 27 24 21 21 20 19 18 17 21 26 27 25 24 24 26 22 23 29 37 38 32 23 18 38 27 21 30 47 52 40 25 33 20 38 44 47 65 53 53
52 60 47 57 69 57 49 36 40 41 41 30 49 72 49 31 52 57 38 43 57 56 60 55 54 45 35 29 28 30 35 38 45 45 45 43 38 32 30 31 44 43 46 50 49 45 47 53 44 31 52 58 53 60 45 29 16 30 43 23 26 40 23 26 30 31 16 30 62 43 19 41 33 29 25 24 24 24 22 20 25 26 27 25 22 20 22 23 25 26 29 33 38 39 32 22 39 27 19 28 46 52 41 27 19 19 49 46 35 41 39 39
62 68 61 77 78 51 44 45 52 34 37 49 65 57 36 50 57 58 35 38 53 50 48 37 43 35 27 27 33 42 51 58 54 41 39 51 52 36 26 28 29 35 53 72 71 54 45 48 39 24 54 59 43 51 45 28 36 43 53 27 24 38 28 43 43 44 27 54 104 70 19 33 26 23 20 21 23 25 23 21 25 23 21 21 22 25 27 29 28 26 20 17 25 36 36 28 27 25 23 25 31 35 37 36 32 26 51 52 52 60 55 55
67 74 68 57 54 49 43 47 47 42 42 50 58 55 45 35 55 45 37 48 59 47 37 47 44 45 30 26 35 30 33 60 41 35 42 68 80 53 31 38 36 50 50 73 60 52 25 33 29 47 47 41 44 33 28 45 55 55 46 31 24 29 36 39 43 26 31 60 70 53 43 51 40 28 23 29 31 24 21 25 20 18 17 18 21 24 25 25 30 18 26 32 19 23 40 39 21 23 24 23 21 28 46 62 50 27 26 41 46 55 79 79
49 61 73 68 50 41 51 64 42 36 34 38 45 50 54 57 50 44 46 67 75 51 33 42 48 43 26 25 43 39 26 29 31 25 21 38 60 51 27 18 30 47 59 80 59 52 32 31 28 39 34 29 32 28 37 65 77 58 42 45 54 57 52 47 49 35 38 53 48 35 55 92 63 45 33 34 35 27 20 20 21 21 20 19 20 21 23 24 24 20 34 41 26 25 38 38 40 30 19 13 15 28 51 70 46 39 50 58 42 31 46 46
63 52 63 70 53 47 55 53 55 51 49 50 49 47 51 57 67 56 48 56 59 41 36 55 48 50 42 41 53 49 28 16 22 24 16 18 36 40 25 13 28 39 57 69 40 40 36 26 22 25 22 26 34 38 59 95 94 74 67 79 79 63 58 67 81 53 38 40 31 27 68 126 63 44 31 32 36 33 27 26 20 22 24 23 21 22 26 31 25 29 47 55 40 32 37 38 38 31 27 30 34 38 45 53 26 29 49 63 51 42 53 53
78 52 60 72 54 52 61 51 41 41 50 63 68 64 63 67 65 59 42 32 35 38 50 71 38 57 66 59 51 44 33 25 20 31 28 21 24 25 25 31 32 29 42 41 14 26 40 24 28 21 21 35 46 52 72 100 86 65 68 91 90 64 58 77 72 49 52 80 84 58 51 68 44 33 25 27 30 28 26 27 17 21 25 25 24 26 33 39 28 34 47 56 49 39 36 35 27 27 34 44 45 36 30 31 31 26 38 51 49 48 53 53
73 59 74 78 49 49 74 77 61 50 47 54 58 53 51 56 35 51 45 30 35 50 57 61 36 54 67 57 38 32 31 26 21 29 28 25 24 19 25 44 34 21 31 26 14 30 50 32 43 26 22 35 44 51 65 78 62 33 33 71 92 75 62 67 65 46 56 93 103 70 37 27 35 33 32 30 24 17 16 18 16 20 24 24 22 23 30 36 25 28 33 43 50 44 36 36 35 31 31 35 31 23 26 36 25 24 37 45 40 42 49 49
83 72 75 70 53 59 75 75 108 80 53 41 34 28 32 44 39 59 53 33 35 46 45 40 53 49 51 45 31 30 30 20 24 25 20 21 27 23 22 34 28 17 32 31 36 41 55 40 40 22 20 28 34 48 63 64 44 30 37 66 79 67 57 61 66 51 51 67 69 51 39 41 28 33 36 33 25 19 19 23 20 21 22 20 17 17 20 24 24 26 25 35 52 50 41 44 42 36 38 44 39 29 33 46 25 41 64 65 47 43 53 53
82 76 64 52 54 65 66 56 99 74 51 42 36 32 45 64 56 61 49 34 34 33 31 35 64 43 39 38 27 28 34 26 27 41 39 27 26 24 19 20 20 17 33 32 46 33 40 36 34 28 37 42 40 56 69 59 40 48 60 69 64 54 50 53 35 43 60 72 67 49 33 29 21 26 29 28 25 25 28 31 24 23 20 18 16 16 16 17 24 30 25 30 48 44 35 43 34 31 41 58 60 46 39 44 52 68 86 76 49 40 45 45
48 67 64 45 43 53 59 63 83 69 60 57 46 32 37 54 42 40 36 42 47 34 27 39 56 33 33 35 19 19 35 37 30 67 72 42 23 21 18 16 17 16 29 23 38 13 18 26 42 49 69 70 56 63 67 48 44 48 51 55 62 64 52 36 33 45 58 65 61 50 37 28 22 23 22 20 21 24 27 27 26 23 20 19 20 20 20 19 20 29 23 24 36 28 17 30 28 20 28 49 58 47 39 41 39 46 56 52 42 48 55 55
43 57 58 62 71 59 56 78 92 62 56 46 33 42 43 31 47 32 37 37 38 36 22 28 41 39 34 30 29 32 35 37 48 92 81 31 20 30 25 17 27 22 27 32 26 25 26 20 65 56 64 91 40 50 69 43 53 52 45 38 39 44 43 35 29 42 59 63 49 32 30 37 18 29 35 29 22 20 19 16 19 21 22 20 19 20 19 17 21 20 16 18 31 43 37 22 25 18 44 59 72 63 32 49 49 28 42 37 34 43 28 28
34 60 76 81 79 61 57 79 69 63 61 43 40 71 80 57 68 47 43 36 36 38 26 32 30 29 31 33 27 25 40 61 95 91 63 40 36 25 14 21 34 30 27 21 19 36 46 38 54 57 64 84 42 55 85 81 41 50 52 39 27 28 36 43 32 52 68 61 38 22 24 33 28 31 30 23 20 23 23 19 19 21 22 22 23 24 24 24 29 28 22 15 14 19 24 25 31 38 59 54 52 47 26 40 46 23 43 54 52 48 33 33
50 55 54 61 76 77 74 81 61 62 59 49 51 77 89 70 73 53 47 34 33 36 23 26 28 32 34 30 27 31 42 52 82 62 37 32 36 23 15 27 32 23 23 28 31 47 64 67 55 61 54 63 39 43 63 65 41 38 32 26 28 34 38 37 27 44 52 41 27 22 23 23 28 26 22 18 19 22 21 17 20 22 23 24 23 22 24 26 19 22 26 25 21 25 43 61 34 52 65 43 31 30 21 33 31 58 87 58 27 37 41 41
60 47 33 38 62 77 75 69 72 62 52 61 59 49 56 55 58 49 52 39 34 36 23 25 37 44 39 25 28 42 37 18 31 38 31 18 20 29 30 26 30 19 35 59 59 55 69 85 74 74 51 56 58 53 51 41 48 37 24 21 28 33 31 25 20 25 22 17 27 40 36 21 20 21 21 21 22 22 20 18 23 23 24 24 20 17 18 23 19 19 22 26 22 18 29 46 37 50 51 34 27 26 25 37 62 93 102 54 12 23 37 37
46 47 47 47 50 59 60 50 71 68 51 63 59 32 35 35 45 47 56 42 35 41 34 38 42 40 33 26 26 31 32 28 35 40 34 18 18 38 41 23 37 45 66 75 61 53 60 64 53 54 34 39 62 59 61 55 48 47 43 33 20 14 16 21 17 19 15 13 29 48 46 30 21 23 25 24 22 21 26 32 23 22 24 25 21 16 19 27 31 21 18 26 32 34 41 51 47 47 34 33 38 32 35 46 109 75 52 51 38 23 23 23
54 47 46 45 49 67 70 51 53 75 54 57 57 40 48 37 42 46 54 35 29 44 42 48 41 30 32 38 25 12 37 78 68 38 20 21 28 40 42 29 40 66 81 59 34 39 43 25 23 29 21 23 46 47 72 77 44 39 34 33 30 24 21 21 13 21 24 20 22 31 35 32 27 26 25 22 17 18 28 40 21 20 23 28 25 21 27 38 40 27 19 25 40 55 67 73 59 54 31 36 44 36 45 53 74 44 23 38 39 26 28 28
71 56 50 49 58 84 85 54 49 75 48 55 61 42 57 54 47 50 55 35 34 50 43 40 44 48 54 51 31 24 54 95 69 25 10 22 26 30 35 29 33 48 60 48 30 34 38 26 38 36 34 32 51 47 77 75 38 25 20 31 43 42 30 20 14 19 24 24 21 20 24 28 36 33 32 33 30 26 29 36 20 18 22 28 26 21 28 43 38 32 21 14 19 31 39 41 57 66 39 32 33 31 51 57 25 34 26 30 24 26 44 44
66 72 87 83 68 76 73 42 60 69 36 60 67 29 49 68 56 58 64 48 50 64 45 30 52 79 85 57 40 53 70 73 50 24 22 26 15 17 25 18 27 15 32 59 56 42 48 60 47 33 31 31 53 45 63 40 30 30 34 41 39 29 23 24 22 17 17 25 31 30 27 26 45 43 47 55 55 44 34 31 21 18 22 27 23 17 24 39 13 21 23 16 16 28 37 39 47 73 47 25 17 22 54 59 43 30 16 41 41 29 48 48
65 57 58 70 49 33 47 37 47 54 53 27 46 70 51 58 47 73 59 37 43 40 34 50 63 72 64 46 51 67 56 28 31 23 18 19 23 23 21 19 20 27 16 59 69 43 66 64 49 28 16 27 45 48 38 28 19 30 31 34 44 42 27 21 20 18 31 31 16 23 32 19 33 23 35 57 54 36 25 20 20 19 18 17 18 22 29 34 27 18 18 21 20 31 48 53 33 35 18 32 36 27 41 34 23 34 32 49 39 25 46 46
48 55 47 42 32 36 54 43 46 55 66 56 72 77 42 38 33 73 86 68 52 42 42 55 68 55 44 45 52 52 40 29 26 22 20 21 23 23 20 17 8 28 10 22 27 28 63 55 32 32 38 47 48 42 38 39 25 37 36 31 32 28 19 20 25 23 32 32 19 24 31 18 31 25 26 33 31 22 21 26 20 20 19 18 18 21 26 30 26 21 27 32 30 35 44 42 29 50 41 39 36 33 40 19 21 17 17 28 20 11 21 21
75 57 38 64 76 50 41 44 50 41 36 27 38 44 30 38 44 71 87 68 41 44 62 68 54 36 23 32 48 54 47 39 20 21 23 23 23 21 18 16 19 23 17 51 51 25 47 59 43 47 52 51 40 28 24 28 18 33 33 25 24 22 23 32 19 17 24 26 19 23 27 18 4 18 23 21 22 19 22 35 20 21 21 19 18 18 21 23 25 21 28 34 32 39 46 42 27 46 45 44 40 38 49 41 40 18 23 27 22 21 19 19
80 68 49 78 93 53 37 49 49 39 37 39 39 32 27 39 41 54 86 91 69 67 63 32 36 32 23 24 45 67 60 37 18 22 24 21 19 19 18 16 24 18 27 79 85 46 53 70 68 56 43 34 30 26 21 17 16 30 30 23 25 27 30 40 27 24 25 23 19 19 18 14 20 29 21 13 24 28 20 18 21 22 22 20 18 16 17 18 22 17 20 23 26 42 57 56 42 34 32 44 43 35 54 78 40 10 22 18 13 22 15 15
45 76 62 47 49 49 57 58 59 50 48 56 45 32 43 59 62 57 84 96 73 67 59 21 30 32 34 42 59 65 46 19 20 24 24 18 15 19 20 18 13 19 22 43 56 58 66 63 60 45 28 21 26 33 31 26 26 35 32 27 34 35 31 34 44 43 35 28 23 16 12 14 19 22 15 8 17 26 22 13 21 22 22 21 18 15 15 16 20 15 17 20 26 47 63 61 55 38 34 38 39 39 51 75 37 13 26 17 9 22 19 19
61 71 54 52 61 62 66 55 53 46 45 60 50 43 72 86 83 65 75 78 48 39 47 36 27 20 34 65 75 51 26 17 23 26 23 16 15 21 23 18 25 16 15 29 39 39 38 41 34 31 25 19 19 25 27 25 26 33 30 30 42 45 37 35 35 38 29 23 24 18 19 33 20 58 98 88 38 16 24 29 21 22 22 20 18 16 16 17 19 18 24 27 31 48 56 46 37 37 41 29 40 64 55 45 41 31 36 26 18 31 38 38
91 65 52 79 81 58 59 56 43 47 61 92 85 70 86 75 58 46 68 89 65 36 28 24 36 26 36 61 62 37 23 28 23 26 23 17 19 26 24 14 33 14 19 37 39 22 13 25 31 31 26 19 18 22 22 18 23 30 28 29 43 47 39 37 17 26 19 15 22 21 28 54 55 97 162 151 60 13 23 25 21 21 21 20 18 17 19 21 19 20 26 28 29 41 43 27 20 22 34 27 50 83 54 24 29 34 27 22 20 34 51 51
67 68 69 68 34 23 59 71 74 65 57 76 64 54 75 60 61 39 50 79 72 45 35 38 56 54 49 41 32 27 27 28 22 26 24 19 22 30 24 11 9 17 24 12 14 30 28 24 45 37 24 18 27 38 35 25 30 38 33 30 38 38 30 29 21 31 23 17 23 20 30 61 28 26 71 83 31 19 34 15 20 21 21 19 18 18 21 23 20 19 22 20 20 33 34 18 27 11 23 31 61 81 41 15 26 39 23 25 30 48 71 71
56 41 57 71 61 33 72 81 57 62 55 42 47 68 78 73 71 63 69 55 57 59 39 54 73 71 55 35 31 38 30 13 26 29 31 27 20 17 20 24 19 18 21 18 12 18 23 13 27 39 30 16 27 40 32 20 35 47 59 52 35 34 34 22 24 21 20 20 19 21 29 38 42 43 42 36 27 20 17 17 19 21 21 20 20 20 16 12 18 16 22 23 16 18 22 15 35 21 9 57 89 49 19 21 33 42 25 27 25 44 43 43
72 57 71 87 84 55 85 89 36 42 41 38 45 60 68 66 54 37 64 96 106 76 47 77 80 76 59 39 36 44 39 24 26 26 25 23 21 20 20 21 19 18 22 20 14 20 23 13 15 28 29 29 43 47 33 22 30 44 59 50 29 25 28 20 27 23 22 22 20 19 25 33 34 36 36 32 25 19 18 19 19 20 20 20 21 21 20 18 18 15 19 19 13 19 25 19 36 50 33 46 76 73 55 35 25 33 18 24 25 45 41 41
60 43 51 69 76 48 66 62 34 36 38 40 42 42 42 42 40 25 53 95 105 64 33 62 67 62 47 31 32 43 41 30 25 23 20 20 22 23 22 20 20 18 24 24 18 21 23 14 11 20 25 36 50 45 30 25 20 35 52 45 23 19 26 22 29 25 23 24 21 19 21 27 23 27 29 27 22 19 18 20 19 18 18 19 21 23 25 27 19 16 19 18 15 25 33 27 29 58 42 37 63 72 60 34 18 26 13 24 32 52 42 42
60 42 41 57 76 50 59 50 44 40 42 46 41 30 25 28 38 39 45 53 57 43 27 36 42 39 30 21 27 40 40 31 23 22 21 21 22 23 24 24 20 18 25 28 22 22 23 14 20 19 20 32 44 33 22 28 12 24 41 39 23 22 29 26 28 24 23 24 23 19 20 24 18 22 25 25 21 18 18 19 18 16 16 19 21 24 30 36 19 18 22 22 21 34 43 34 23 43 33 45 63 46 30 21 17 25 13 30 43 64 49 49
